(0, ((4.209367738365817, 8.705937985524105), 1))
(0, ((9.657434354691624, 7.387392820130522), 1))
(0, ((2.9156627403624373, 3.7711290779059343), 1))
(0, ((7.698073907001344, 3.4926427669717732), 1))
(0, ((5.044487504742657, 6.716282778988191), 1))
(0, ((-0.6388083508073663, 7.910964651119826), 1))
(0, ((6.914679664036026, 4.618135086947879), 1))
(3, ((1.581356305569873, -0.36877604542464226), 1))
(0, ((9.764751645554682, 4.279260897307767), 1))
(0, ((2.173406852586785, 5.786469249818014), 1))
(0, ((4.038624583117434, 3.9364589206077305), 1))
(0, ((3.824182091310046, 6.712677452449), 1))
(3, ((-3.7604721479291614, -0.8244859083845704), 1))
(3, ((-0.9974765692202858, -4.137661103925552), 1))
(0, ((0.6006780779657745, 5.313018144914317), 1))
(0, ((9.23012238139701, 3.775524976418181), 1))
(3, ((-2.0337834357611184, -1.9178027828636353), 1))
(3, ((3.038254148113815, 0.09014630324416473), 1))
(0, ((0.3018862850342412, 9.579457490898232), 1))
(3, ((0.9254003366635484, -1.5750756987439694), 1))
(3, ((-2.9661908992798107, -3.281190080733925), 1))
(0, ((9.221517392737681, 7.238627754123499), 1))
(0, ((4.354937223874023, 9.8251972234014), 1))
(3, ((-1.0154533120796074, -3.6750157936511947), 1))
(0, ((9.082534953555559, 9.18810834824205), 1))
(3, ((-1.60371824941544, -0.1788839418678183), 1))
(0, ((9.784540845987976, 9.367965990291157), 1))
