(1, ((-7.212553320403295, -2.1040871098697123), 1))
(1, ((-5.298332822103671, -4.857425422334827), 1))
(4, ((-6.058200916839606, 8.75517289167757), 1))
(4, ((-0.8110449576461818, 4.19413945232421), 1))
(1, ((-9.171336223413427, -5.539187601029914), 1))
(4, ((-9.944819607205723, 0.7173497381662308), 1))
(4, ((-7.7199597818158106, 8.524227546419652), 1))
(1, ((-6.4811889050817095, -1.245960145396971), 1))
(1, ((-8.63858468017565, -4.650079553911866), 1))
(1, ((-7.426202182946389, -2.574108693052648), 1))
(1, ((-9.995178516740133, -9.870385147029527), 1))
(1, ((-5.588774960263596, -9.709827475077741), 1))
(4, ((-9.794921606407838, 4.671363370219883), 1))
(1, ((-5.362440847684324, -6.170810697081128), 1))
(4, ((-3.493521957964168, 2.9543564313812904), 1))
