(0, ((3.2083666398381254, 7.732615220526128), 1))
(3, ((-0.9068467136786289, 2.2171902940077217), 1))
(0, ((0.7696234674536768, 7.178699312450597), 1))
(0, ((4.1364465232319105, 4.201101934578714), 1))
(0, ((5.4625092295302125, 9.076876580688367), 1))
(0, ((1.7861103063177737, 7.5745653472740635), 1))
(3, ((-3.0517341947653414, 0.326412212438683), 1))
(3, ((0.8059379794194435, -6.551011679808116), 1))
(0, ((5.501869019608632, 9.459967530358597), 1))
(0, ((9.01506488517121, 9.080631976849581), 1))
(3, ((-0.5710514578961412, 2.969728221489028), 1))
(3, ((-1.958632605733154, -0.1944316412571201), 1))
(0, ((4.678372793586934, 2.686636384092708), 1))
(3, ((-2.056922462447446, 2.0037092714694644), 1))
(0, ((8.94518565835596, 7.563930046517228), 1))
(3, ((1.921258444756491, -3.706405979609144), 1))
(0, ((-0.25204847537670005, 4.8444870584630255), 1))
(0, ((8.64449168816289, 3.220408775053727), 1))
(0, ((8.392000897841378, 2.520615783090136), 1))
(0, ((1.9259556235895676, 7.486674998468537), 1))
(0, ((8.3976422694887, 9.748018466851239), 1))
(3, ((0.9017167893586411, -1.0879872593910829), 1))
(3, ((-0.34743173425461293, -1.5755991036397532), 1))
