(1, ((-5.9774931614114735, -4.612671867691027), 1))
(1, ((-8.181217264459955, -0.809853473281958), 1))
(1, ((-5.9986245915831615, -5.442808189562786), 1))
(4, ((-6.913399163137486, 8.60730742310525), 1))
(4, ((-5.537645066705945, 4.030020098109537), 1))
(1, ((-5.942853437963997, -3.4601253048358966), 1))
(4, ((-3.857234371720601, 2.2241517565202216), 1))
(1, ((-7.600174121842748, -7.632015169326034), 1))
(4, ((-7.406994236739582, 1.1358994397137305), 1))
(1, ((-8.845614268414458, -9.590020581314054), 1))
(4, ((-2.7237238677260267, 5.335537697437154), 1))
(4, ((-9.36009718158941, 6.439736206661696), 1))
(4, ((-4.946040839384638, 7.301215836397997), 1))
(1, ((-7.492053218718253, -6.011962945857543), 1))
(4, ((-8.332695939466051, 5.764460808159857), 1))
(1, ((-9.59840198712153, -4.123494663034992), 1))
(4, ((-4.171949191616271, 6.174400362157694), 1))
(1, ((-7.853885163942589, -3.3164047834938053), 1))
(4, ((-7.377192032293236, 0.9621389347555578), 1))
(4, ((-5.64674728764623, 1.1516195166945469), 1))
