(1, ((-3.5302998147324587, -5.29821185546875), 1))
(1, ((-6.5005026245099495, -7.311305077671855), 1))
(4, ((-5.325872694761758, 7.144686202091648), 1))
(1, ((-5.621669259387325, -2.6394260312875932), 1))
(4, ((-5.109161385329866, 0.6225752378370935), 1))
(4, ((-9.345340734869279, 7.536292448217928), 1))
(4, ((-6.784201778449399, 5.506061944296425), 1))
(1, ((-4.70450779343651, -4.658665875550703), 1))
(1, ((-8.431698130295942, -9.595359576171045), 1))
(4, ((-6.386513844978912, 8.149555405870615), 1))
(4, ((-8.689367684338746, 1.6667781859600446), 1))
(4, ((-8.512376493402327, 0.25531255806222397), 1))
(4, ((-6.0416719996010055, 7.016284516931247), 1))
(1, ((-9.828680863464099, -5.050064058881509), 1))
(4, ((-7.850816625750687, 4.482253806070279), 1))
(4, ((-0.8309534384003747, 4.661639658355632), 1))
(1, ((-4.4693215679582465, -8.373960325517857), 1))
(4, ((-2.8983524572721215, 2.5766943357689076), 1))
(1, ((-4.032284625192708, -6.358579577438668), 1))
(4, ((-1.6213458218779984, 7.906817820419757), 1))
(1, ((-3.2903608380076648, -8.369067510228486), 1))
