(3, ((-4.351800993918092, -1.7067437408624802), 1))
(3, ((-1.6683483659993197, -6.122996936029348), 1))
(3, ((1.338876429296299, 0.8395410493975586), 1))
(0, ((9.209178881126853, 6.984589349460219), 1))
(0, ((2.0466773463592745, 8.99344058276586), 1))
(3, ((0.5742079377596792, -6.80409333964487), 1))
(3, ((2.350839886071066, -3.054213306507423), 1))
(0, ((-0.7718342756143777, 8.719679949768423), 1))
(3, ((1.5874464278018223, -0.5149856213232322), 1))
(0, ((1.397520062211079, 7.856719818540217), 1))
(0, ((3.278600375366782, 9.584439658591432), 1))
(0, ((1.7842718545973852, 6.3961091251459194), 1))
(3, ((-1.92438814687325, 0.3034681095271239), 1))
(3, ((-2.7114030788981136, -2.150608425517535), 1))
(3, ((-0.498631312595732, -1.4571286368947725), 1))
(0, ((0.5936277593400536, 4.88561526555581), 1))
