(2, ((4.495187198013301, -0.9057316526189769), 1))
(2, ((6.8541639557829654, -2.188265740516191), 1))
(2, ((4.9470376189363385, -4.468028101393835), 1))
(2, ((8.229025659862575, -0.142096633065119), 1))
(2, ((3.7376638006774066, -9.833733769967752), 1))
(2, ((8.987332936937307, 0.8118246652098176), 1))
(2, ((6.955473589794796, -4.830937929071972), 1))
(2, ((3.2541530756258723, -2.439639514265246), 1))
(2, ((5.959391470056, -1.2708291753611984), 1))
(2, ((8.947970779689737, -6.62090521851896), 1))
(2, ((3.260636911220356, -5.504887562476226), 1))
